/home/ana/programming/Document_classification/Documentos/Deportes/deportes16.txt	{'Deportes': array([0.04558439, 0.10895739, 0.        , 0.0521632 , 0.02995481,
       0.22074607, 0.31413004, 0.17647004, 0.27149126, 0.12900141,
       0.2881663 , 0.32703492, 0.        , 0.25265637, 0.7889393 ],
      dtype=float32), 'Politica': array([0.04609377, 0.02665137, 0.03477589, 0.04381069, 0.01731769,
       0.05543469, 0.        , 0.08806407, 0.02355277, 0.04295991,
       0.00979637, 0.21179308, 0.4319679 , 0.        , 0.0515344 ],
      dtype=float32), 'Salud': array([0.        , 0.00821712, 0.03310775, 0.04313777, 0.00971778,
       0.02452657, 0.        , 0.        , 0.        , 0.00542124,
       0.        , 0.00197416, 0.40330154, 0.00779156, 0.0313389 ],
      dtype=float32)}
/home/ana/programming/Document_classification/Documentos/Deportes/deportes17.txt	{'Deportes': array([0.16267344, 0.15127684, 0.02864835, 0.44438383, 0.26518247,
       0.0712444 , 0.08495498, 0.5178548 , 0.18138339, 0.30194739,
       0.        , 0.6796382 , 0.26178923, 0.02940371, 0.1467833 ],
      dtype=float32), 'Politica': array([0.08492483, 0.02405998, 0.04903138, 0.        , 0.        ,
       0.02854336, 0.        , 0.23473188, 0.        , 0.        ,
       0.10677379, 0.02621875, 0.        , 0.05159909, 0.04281504],
      dtype=float32), 'Salud': array([0.        , 0.01110891, 0.        , 0.07606743, 0.        ,
       0.        , 0.        , 0.03249147, 0.        , 0.01593162,
       0.        , 0.        , 0.10267463, 0.        , 0.        ],
      dtype=float32)}
/home/ana/programming/Document_classification/Documentos/Deportes/deportes18.txt	{'Deportes': array([0.14414883, 0.11789456, 0.15254724, 0.1470101 , 0.26065022,
       0.18279667, 0.        , 0.37645477, 0.17452045, 0.36806577,
       0.14256442, 0.05484648, 0.10531075, 0.24680917, 0.0832305 ],
      dtype=float32), 'Politica': array([0.20150694, 0.        , 0.11634009, 0.09770473, 0.        ,
       0.        , 0.        , 0.        , 0.02626319, 0.07652776,
       0.        , 0.06898119, 0.04505832, 0.22298089, 0.        ],
      dtype=float32), 'Salud': array([0.01364547, 0.00860843, 0.        , 0.02947279, 0.06184042,
       0.04459376, 0.        , 0.03303306, 0.        , 0.        ,
       0.        , 0.        , 0.        , 0.01652755, 0.        ],
      dtype=float32)}
/home/ana/programming/Document_classification/Documentos/Deportes/deportes19.txt	{'Deportes': array([0.04826748, 0.21849951, 0.        , 0.03262006, 0.        ,
       0.2399227 , 0.        , 0.2565466 , 0.10382016, 0.30354154,
       0.10590931, 0.18903372, 0.09346958, 0.10357169, 0.03232956],
      dtype=float32), 'Politica': array([0.16486216, 0.06905316, 0.3180986 , 0.14953618, 0.        ,
       0.        , 0.        , 0.07572586, 0.06307986, 0.        ,
       0.01903664, 0.03762447, 0.        , 0.        , 0.        ],
      dtype=float32), 'Salud': array([0.        , 0.02435216, 0.06057037, 0.02779159, 0.        ,
       0.        , 0.01908599, 0.05794   , 0.        , 0.02328277,
       0.        , 0.        , 0.11086673, 0.        , 0.        ],
      dtype=float32)}
/home/ana/programming/Document_classification/Documentos/Deportes/deportes20.txt	{'Deportes': array([0.29174164, 0.1953653 , 0.06728658, 0.19886775, 0.23040506,
       0.18025038, 0.07507168, 0.5083824 , 0.37198398, 0.27699885,
       0.13521364, 0.34876013, 0.2594884 , 0.07878639, 0.2713603 ],
      dtype=float32), 'Politica': array([0.11298659, 0.        , 0.06523284, 0.        , 0.        ,
       0.02689818, 0.        , 0.11203896, 0.        , 0.        ,
       0.01280635, 0.        , 0.00826646, 0.08509377, 0.04034727],
      dtype=float32), 'Salud': array([0.        , 0.00580222, 0.01136984, 0.0352217 , 0.00333727,
       0.0084229 , 0.03828532, 0.02033921, 0.        , 0.00613589,
       0.        , 0.00067797, 0.10961105, 0.00267577, 0.01076239],
      dtype=float32)}
/home/ana/programming/Document_classification/Documentos/Deportes/deportes21.txt	{'Deportes': array([0.09483287, 0.01145953, 0.09364687, 0.        , 0.00864015,
       0.16959386, 0.514764  , 0.        , 0.1666225 , 0.07874919,
       0.4985957 , 0.08767643, 0.01697443, 0.16758943, 0.18930867],
      dtype=float32), 'Politica': array([0.04003807, 0.02515515, 0.18962312, 0.10854676, 0.        ,
       0.        , 0.06578927, 0.03923155, 0.10003731, 0.        ,
       0.01668671, 0.06039219, 0.11034189, 0.        , 0.        ],
      dtype=float32), 'Salud': array([0.        , 0.0335357 , 0.20853081, 0.07025914, 0.09162434,
       0.32995057, 0.        , 0.        , 0.        , 0.00801576,
       0.        , 0.07166222, 0.55088526, 0.47763216, 0.19738959],
      dtype=float32)}
/home/ana/programming/Document_classification/Documentos/Deportes/deportes22.txt	{'Deportes': array([0.03224429, 0.7589946 , 0.08716516, 0.5328057 , 0.4637943 ,
       0.25379843, 0.19591154, 0.577104  , 0.04598959, 0.56589806,
       0.        , 0.19936801, 0.17466064, 0.07050523, 0.05993055],
      dtype=float32), 'Politica': array([0.3647735 , 0.        , 0.21060207, 0.        , 0.        ,
       0.1421078 , 0.        , 0.        , 0.        , 0.        ,
       0.        , 0.        , 0.        , 0.19267085, 0.21316169],
      dtype=float32), 'Salud': array([0.        , 0.01381432, 0.        , 0.09459251, 0.        ,
       0.        , 0.        , 0.03030321, 0.        , 0.01981153,
       0.        , 0.        , 0.1276795 , 0.        , 0.        ],
      dtype=float32)}
/home/ana/programming/Document_classification/Documentos/Deportes/deportes23.txt	{'Deportes': array([0.14700729, 0.06289787, 0.09935027, 0.01381041, 0.        ,
       0.19588816, 0.7502488 , 0.03705722, 0.08302093, 0.12144449,
       0.7479991 , 0.09191737, 0.        , 0.24847025, 0.1846455 ],
      dtype=float32), 'Politica': array([0.05197563, 0.        , 0.22954464, 0.25104597, 0.        ,
       0.03874035, 0.09464847, 0.04028507, 0.1934114 , 0.        ,
       0.        , 0.        , 0.        , 0.        , 0.05811052],
      dtype=float32), 'Salud': array([0.0409224 , 0.00564511, 0.        , 0.03865446, 0.18545775,
       0.1337355 , 0.        , 0.        , 0.        , 0.00809582,
       0.        , 0.06116784, 0.2760533 , 0.49215952, 0.        ],
      dtype=float32)}
/home/ana/programming/Document_classification/Documentos/Deportes/deportes24.txt	{'Deportes': array([0.064184  , 0.58051443, 0.12668058, 0.35074657, 0.3853137 ,
       0.37958366, 0.17083561, 0.6142028 , 0.12621671, 0.5538315 ,
       0.09211592, 0.        , 0.21250074, 0.10131877, 0.08709944],
      dtype=float32), 'Politica': array([0.359758  , 0.        , 0.20770638, 0.        , 0.        ,
       0.11077771, 0.        , 0.        , 0.        , 0.        ,
       0.        , 0.        , 0.        , 0.23363397, 0.16616656],
      dtype=float32), 'Salud': array([0.        , 0.00969086, 0.        , 0.06635744, 0.        ,
       0.        , 0.00778064, 0.03306793, 0.        , 0.01389795,
       0.        , 0.        , 0.08956823, 0.        , 0.        ],
      dtype=float32)}
/home/ana/programming/Document_classification/Documentos/Deportes/deportes25.txt	{'Deportes': array([0.24203694, 0.05049541, 0.22842598, 0.26609322, 0.4560336 ,
       0.43014938, 0.        , 0.2975013 , 0.        , 0.        ,
       0.30441827, 0.06618266, 0.190616  , 0.45095748, 0.09147642],
      dtype=float32), 'Politica': array([0.21161559, 0.        , 0.12217632, 0.06840407, 0.        ,
       0.        , 0.        , 0.        , 0.24079952, 0.        ,
       0.        , 0.        , 0.        , 0.23416677, 0.        ],
      dtype=float32), 'Salud': array([0.00964488, 0.00486018, 0.        , 0.        , 0.04371002,
       0.08908984, 0.        , 0.03502262, 0.        , 0.        ,
       0.        , 0.        , 0.02246023, 0.01168199, 0.        ],
      dtype=float32)}
/home/ana/programming/Document_classification/Documentos/Deportes/deportes26.txt	{'Deportes': array([0.03641947, 0.08763383, 0.09845182, 0.20794097, 0.3026685 ,
       0.26364142, 0.01659595, 0.40913838, 0.13635455, 0.13589013,
       0.01793049, 0.23874743, 0.15956895, 0.06355936, 0.2830403 ],
      dtype=float32), 'Politica': array([0.29820216, 0.08841542, 0.16083816, 0.0153167 , 0.00605446,
       0.01938058, 0.08073132, 0.0923645 , 0.02219054, 0.02992348,
       0.01503462, 0.08345271, 0.01319692, 0.17370722, 0.03995541],
      dtype=float32), 'Salud': array([0.        , 0.00614462, 0.        , 0.01831261, 0.        ,
       0.0182693 , 0.        , 0.03551025, 0.        , 0.00217648,
       0.        , 0.        , 0.05713442, 0.        , 0.        ],
      dtype=float32)}
/home/ana/programming/Document_classification/Documentos/Deportes/deportes27.txt	{'Deportes': array([0.        , 0.2505293 , 0.69231355, 0.19707514, 0.04790625,
       0.04197262, 0.17349593, 0.04406734, 0.        , 0.08846004,
       0.19647172, 0.0683741 , 0.        , 0.03074214, 0.        ],
      dtype=float32), 'Politica': array([0., 0., 0., 0., 0., 0., 0., 0., 0., 0., 0., 0., 0., 0., 0.],
      dtype=float32), 'Salud': array([0., 0., 0., 0., 0., 0., 0., 0., 0., 0., 0., 0., 0., 0., 0.],
      dtype=float32)}
/home/ana/programming/Document_classification/Documentos/Deportes/deportes28.txt	{'Deportes': array([0.        , 0.12248573, 0.20250048, 0.01921471, 0.        ,
       0.14388287, 0.7739935 , 0.21640508, 0.13564415, 0.2289274 ,
       0.49411482, 0.12788653, 0.        , 0.03397838, 0.06335929],
      dtype=float32), 'Politica': array([0.06121486, 0.        , 0.03534241, 0.        , 0.        ,
       0.04562686, 0.        , 0.11695355, 0.        , 0.        ,
       0.        , 0.        , 0.        , 0.        , 0.06844029],
      dtype=float32), 'Salud': array([0.        , 0.01389175, 0.        , 0.09512272, 0.        ,
       0.33445907, 0.        , 0.        , 0.        , 0.01992257,
       0.        , 0.        , 0.5198499 , 0.        , 0.        ],
      dtype=float32)}
/home/ana/programming/Document_classification/Documentos/Deportes/deportes29.txt	{'Deportes': array([0.09243725, 0.00948386, 0.        , 0.        , 0.        ,
       0.15956505, 0.05727667, 0.11900843, 0.48748925, 0.07472255,
       0.11394   , 0.23644432, 0.        , 0.15137064, 0.47704917],
      dtype=float32), 'Politica': array([0.        , 0.        , 0.        , 0.        , 0.        ,
       0.        , 0.        , 0.08025724, 0.        , 0.        ,
       0.02981424, 0.        , 0.07698004, 0.        , 0.        ],
      dtype=float32), 'Salud': array([0.04056194, 0.01451237, 0.09980524, 0.00778479, 0.05602522,
       0.0763118 , 0.02666083, 0.00897485, 0.02967308, 0.04853032,
       0.00225924, 0.01904474, 0.41394767, 0.0326908 , 0.09565657],
      dtype=float32)}
/home/ana/programming/Document_classification/Documentos/Deportes/deportes30.txt	{'Deportes': array([0.01031559, 0.01058357, 0.2635767 , 0.08575825, 0.11050127,
       0.3190541 , 0.11114142, 0.10164639, 0.        , 0.12241942,
       0.09570668, 0.        , 0.0819106 , 0.13158658, 0.04937673],
      dtype=float32), 'Politica': array([0.11747041, 0.22141324, 0.06782158, 0.        , 0.        ,
       0.        , 0.        , 0.        , 0.        , 0.        ,
       0.        , 0.37660557, 0.        , 0.12998885, 0.13133591],
      dtype=float32), 'Salud': array([0.        , 0.01298141, 0.        , 0.        , 0.        ,
       0.30753613, 0.        , 0.02490673, 0.        , 0.        ,
       0.        , 0.        , 0.23996253, 0.        , 0.        ],
      dtype=float32)}
/home/ana/programming/Document_classification/Documentos/Politica/politica16.txt	{'Deportes': array([0.        , 0.        , 0.        , 0.07818236, 0.        ,
       0.        , 0.11755647, 0.24230015, 0.        , 0.06383563,
       0.        , 0.        , 0.48276946, 0.        , 0.07874878],
      dtype=float32), 'Politica': array([0.        , 0.24863605, 0.        , 0.        , 0.        ,
       0.        , 0.        , 0.        , 0.        , 0.        ,
       0.07688864, 0.27094486, 0.        , 0.        , 0.1474837 ],
      dtype=float32), 'Salud': array([0.       , 0.0253266, 0.       , 0.       , 0.       , 0.2      ,
       0.       , 0.       , 0.       , 0.       , 0.       , 0.       ,
       0.       , 0.       , 0.       ], dtype=float32)}
/home/ana/programming/Document_classification/Documentos/Politica/politica17.txt	{'Deportes': array([0.        , 0.18294463, 0.        , 0.04016894, 0.        ,
       0.        , 0.06039877, 0.10778457, 0.        , 0.163989  ,
       0.        , 0.08237654, 0.        , 0.08268698, 0.        ],
      dtype=float32), 'Politica': array([0.7018821 , 0.22735445, 0.40523183, 0.1292851 , 0.        ,
       0.14967297, 0.        , 0.        , 0.05796946, 0.        ,
       0.04822279, 0.15244512, 0.        , 0.        , 0.22450945],
      dtype=float32), 'Salud': array([0.        , 0.01769135, 0.        , 0.18318905, 0.        ,
       0.        , 0.        , 0.        , 0.        , 0.0253717 ,
       0.        , 0.        , 0.16351315, 0.        , 0.        ],
      dtype=float32)}
/home/ana/programming/Document_classification/Documentos/Politica/politica18.txt	{'Deportes': array([0.        , 0.        , 0.        , 0.        , 0.04202406,
       0.        , 0.19812915, 0.        , 0.3879151 , 0.07057682,
       0.04867293, 0.        , 0.        , 0.        , 0.0297155 ],
      dtype=float32), 'Politica': array([0.        , 0.03350803, 0.05100513, 0.05508196, 0.02177306,
       0.02650132, 0.        , 0.        , 0.02961225, 0.10761091,
       0.0945784 , 0.07265615, 0.2052488 , 0.        , 0.078895  ],
      dtype=float32), 'Salud': array([0.01800677, 0.03165741, 0.05560482, 0.08287262, 0.        ,
       0.        , 0.05256397, 0.02127603, 0.2185508 , 0.01068703,
       0.01935911, 0.03315631, 0.        , 0.10905001, 0.131585  ],
      dtype=float32)}
/home/ana/programming/Document_classification/Documentos/Politica/politica19.txt	{'Deportes': array([0., 0., 0., 0., 0., 0., 0., 0., 0., 0., 0., 0., 0., 0., 0.],
      dtype=float32), 'Politica': array([0., 0., 0., 0., 0., 0., 0., 0., 0., 0., 0., 0., 0., 0., 0.],
      dtype=float32), 'Salud': array([0., 0., 0., 0., 0., 0., 0., 0., 0., 0., 0., 0., 0., 0., 0.],
      dtype=float32)}
/home/ana/programming/Document_classification/Documentos/Politica/politica20.txt	{'Deportes': array([0.        , 0.05308958, 0.        , 0.01165682, 0.        ,
       0.        , 0.01752741, 0.04043516, 0.        , 0.04758876,
       0.        , 0.19124198, 0.00977812, 0.0060664 , 0.00703876],
      dtype=float32), 'Politica': array([0.31679207, 0.23707107, 0.1829    , 0.37729114, 0.        ,
       0.0545986 , 0.        , 0.        , 0.        , 0.        ,
       0.        , 0.2583422 , 0.        , 0.        , 0.13175945],
      dtype=float32), 'Salud': array([0.        , 0.0053829 , 0.        , 0.1066245 , 0.        ,
       0.01838592, 0.        , 0.        , 0.        , 0.00438074,
       0.        , 0.        , 0.0282326 , 0.        , 0.        ],
      dtype=float32)}
/home/ana/programming/Document_classification/Documentos/Politica/politica21.txt	{'Deportes': array([0.0096143 , 0.02219415, 0.        , 0.00649752, 0.        ,
       0.01846677, 0.        , 0.00581156, 0.        , 0.        ,
       0.        , 0.00901712, 0.01861802, 0.07208952, 0.        ],
      dtype=float32), 'Politica': array([0.74339694, 0.3113747 , 0.5129646 , 0.05619075, 0.        ,
       0.        , 0.        , 0.        , 0.11829405, 0.        ,
       0.08584009, 0.16965637, 0.        , 0.        , 0.        ],
      dtype=float32), 'Salud': array([0.        , 0.07597981, 0.18898223, 0.086711  , 0.        ,
       0.        , 0.05954913, 0.18077537, 0.        , 0.07264327,
       0.        , 0.        , 0.        , 0.        , 0.        ],
      dtype=float32)}
/home/ana/programming/Document_classification/Documentos/Politica/politica22.txt	{'Deportes': array([0.        , 0.        , 0.        , 0.        , 0.        ,
       0.        , 0.        , 0.0175756 , 0.02375408, 0.02635279,
       0.03634812, 0.18353862, 0.01876849, 0.01720674, 0.04679702],
      dtype=float32), 'Politica': array([0.20791546, 0.467053  , 0.47115853, 0.22292008, 0.        ,
       0.        , 0.03502851, 0.01490912, 0.06436936, 0.        ,
       0.11886822, 0.20204803, 0.        , 0.4279539 , 0.52374005],
      dtype=float32), 'Salud': array([0.        , 0.00458293, 0.        , 0.08435354, 0.        ,
       0.03619067, 0.        , 0.        , 0.        , 0.        ,
       0.        , 0.01628776, 0.01691707, 0.11785383, 0.        ],
      dtype=float32)}
/home/ana/programming/Document_classification/Documentos/Politica/politica23.txt	{'Deportes': array([0.08991981, 0.1028173 , 0.        , 0.02267589, 0.06342738,
       0.13465025, 0.18364891, 0.08842582, 0.07441753, 0.1160551 ,
       0.04022092, 0.01428945, 0.05027226, 0.0332067 , 0.06406084],
      dtype=float32), 'Politica': array([0.11060387, 0.15523966, 0.19601102, 0.12526529, 0.02698597,
       0.2789909 , 0.03269972, 0.01391792, 0.5195509 , 0.06694395,
       0.02389005, 0.13703726, 0.05261418, 0.        , 0.08904477],
      dtype=float32), 'Salud': array([0.        , 0.03286433, 0.05408518, 0.03342895, 0.092432  ,
       0.4426814 , 0.00530499, 0.01610455, 0.        , 0.01257093,
       0.        , 0.01985409, 0.5391142 , 0.13635354, 0.03525937],
      dtype=float32)}
/home/ana/programming/Document_classification/Documentos/Politica/politica24.txt	{'Deportes': array([0.01937992, 0.00479041, 0.0126219 , 0.02524381, 0.07203024,
       0.05964482, 0.        , 0.02822344, 0.10992429, 0.026666  ,
       0.01839006, 0.2202659 , 0.01808341, 0.        , 0.0199056 ],
      dtype=float32), 'Politica': array([0.214379  , 0.12587276, 0.13213055, 0.28794378, 0.01773164,
       0.02158226, 0.11821859, 0.        , 0.37009493, 0.08763665,
       0.1097212 , 0.16659984, 0.0386497 , 0.5412671 , 0.        ],
      dtype=float32), 'Salud': array([0.        , 0.00801014, 0.        , 0.09721059, 0.        ,
       0.0421337 , 0.        , 0.00854398, 0.        , 0.        ,
       0.        , 0.        , 0.01643792, 0.        , 0.        ],
      dtype=float32)}
/home/ana/programming/Document_classification/Documentos/Politica/politica25.txt	{'Deportes': array([0.        , 0.6315789 , 0.        , 0.13867505, 0.        ,
       0.        , 0.2085144 , 0.3721042 , 0.        , 0.5661385 ,
       0.        , 0.        , 0.        , 0.07216878, 0.        ],
      dtype=float32), 'Politica': array([0.2581989 , 0.        , 0.1490712 , 0.        , 0.        ,
       0.19245009, 0.        , 0.        , 0.        , 0.        ,
       0.        , 0.        , 0.        , 0.        , 0.28867513],
      dtype=float32), 'Salud': array([0.        , 0.0253266 , 0.        , 0.173422  , 0.        ,
       0.        , 0.        , 0.        , 0.        , 0.03632164,
       0.        , 0.        , 0.2340823 , 0.        , 0.        ],
      dtype=float32)}
/home/ana/programming/Document_classification/Documentos/Politica/politica26.txt	{'Deportes': array([0.06342629, 0.        , 0.        , 0.        , 0.        ,
       0.03045668, 0.        , 0.        , 0.2523803 , 0.20999312,
       0.32260934, 0.        , 0.        , 0.        , 0.29471672],
      dtype=float32), 'Politica': array([0.        , 0.        , 0.4607131 , 0.15452787, 0.        ,
       0.        , 0.21853541, 0.09301484, 0.3322988 , 0.        ,
       0.        , 0.        , 0.07330561, 0.        , 0.        ],
      dtype=float32), 'Salud': array([0.        , 0.1238729 , 0.07832318, 0.00718743, 0.0229894 ,
       0.05802262, 0.        , 0.00496418, 0.        , 0.00301068,
       0.        , 0.11589878, 0.16403343, 0.82325166, 0.07413859],
      dtype=float32)}
/home/ana/programming/Document_classification/Documentos/Politica/politica27.txt	{'Deportes': array([0.03072887, 0.07093611, 0.        , 0.02076714, 0.03501979,
       0.0590228 , 0.11095233, 0.11678819, 0.        , 0.05881358,
       0.04056047, 0.18120646, 0.0595062 , 0.        , 0.02476273],
      dtype=float32), 'Politica': array([0.        , 0.22779067, 0.14925507, 0.24116023, 0.06371397,
       0.07755018, 0.        , 0.09627885, 0.10815108, 0.23647706,
       0.46523413, 0.14192316, 0.09270382, 0.        , 0.        ],
      dtype=float32), 'Salud': array([0.        , 0.03687301, 0.05292181, 0.14773265, 0.22407322,
       0.32710782, 0.0166759 , 0.05062359, 0.        , 0.02034272,
       0.        , 0.        , 0.33557156, 0.        , 0.        ],
      dtype=float32)}
/home/ana/programming/Document_classification/Documentos/Politica/politica28.txt	{'Deportes': array([0.        , 0.02314127, 0.0506795 , 0.08631296, 0.08392597,
       0.        , 0.        , 0.0545361 , 0.1795003 , 0.3025868 ,
       0.30320576, 0.        , 0.        , 0.        , 0.25153342],
      dtype=float32), 'Politica': array([0.        , 0.1116254 , 0.5282947 , 0.34922174, 0.07253265,
       0.08828394, 0.23437339, 0.09975594, 0.45502895, 0.17993137,
       0.04103067, 0.17136338, 0.05297036, 0.        , 0.        ],
      dtype=float32), 'Salud': array([0.        , 0.        , 0.        , 0.05582251, 0.        ,
       0.        , 0.        , 0.        , 0.        , 0.        ,
       0.        , 0.0862298 , 0.08956147, 0.6239354 , 0.        ],
      dtype=float32)}
/home/ana/programming/Document_classification/Documentos/Politica/politica29.txt	{'Deportes': array([0.        , 0.        , 0.        , 0.        , 0.        ,
       0.        , 0.        , 0.02342038, 0.1447592 , 0.        ,
       0.        , 0.04549342, 0.02500997, 0.06878658, 0.01800339],
      dtype=float32), 'Politica': array([0.56492114, 0.44442695, 0.32615736, 0.        , 0.        ,
       0.        , 0.2268026 , 0.        , 0.39454642, 0.        ,
       0.06523147, 0.35537803, 0.        , 0.        , 0.12326542],
      dtype=float32), 'Salud': array([0.       , 0.0253266, 0.       , 0.       , 0.       , 0.2      ,
       0.       , 0.       , 0.       , 0.       , 0.       , 0.       ,
       0.       , 0.       , 0.       ], dtype=float32)}
/home/ana/programming/Document_classification/Documentos/Politica/politica30.txt	{'Deportes': array([0.        , 0.        , 0.        , 0.        , 0.        ,
       0.        , 0.        , 0.        , 0.18927336, 0.09796991,
       0.13512886, 0.03173007, 0.        , 0.06396832, 0.12374707],
      dtype=float32), 'Politica': array([0.43159947, 0.24077348, 0.7258249 , 0.23223695, 0.03898481,
       0.04745081, 0.31891415, 0.10461532, 0.58139503, 0.09670942,
       0.16262996, 0.2131275 , 0.02847048, 0.2625544 , 0.        ],
      dtype=float32), 'Salud': array([0.        , 0.        , 0.        , 0.        , 0.        ,
       0.        , 0.        , 0.        , 0.        , 0.        ,
       0.        , 0.11268724, 0.11704115, 0.81537426, 0.        ],
      dtype=float32)}
/home/ana/programming/Document_classification/Documentos/Salud/salud16.txt	{'Deportes': array([0.0568028 , 0.        , 0.02017961, 0.        , 0.        ,
       0.0129379 , 0.01391234, 0.        , 0.05404143, 0.        ,
       0.17677802, 0.0140024 , 0.        , 0.04725811, 0.01251948],
      dtype=float32), 'Politica': array([0.1282431 , 0.        , 0.        , 0.07391066, 0.        ,
       0.        , 0.        , 0.        , 0.01986731, 0.        ,
       0.02221236, 0.        , 0.08602808, 0.        , 0.        ],
      dtype=float32), 'Salud': array([0.02559443, 0.9488475 , 0.05053346, 0.05001562, 0.04478345,
       0.05773614, 0.01797701, 0.07407685, 0.03893569, 0.00422971,
       0.02507592, 0.05174099, 0.03593348, 0.0243212 , 0.05131502],
      dtype=float32)}
/home/ana/programming/Document_classification/Documentos/Salud/salud17.txt	{'Deportes': array([0.20809403, 0.01749014, 0.09563845, 0.10455572, 0.16096613,
       0.1887367 , 0.        , 0.10304581, 0.33123752, 0.17227618,
       0.19292882, 0.01719281, 0.06602385, 0.05802574, 0.23664485],
      dtype=float32), 'Politica': array([0.07960644, 0.00945023, 0.17434806, 0.07692558, 0.00614063,
       0.01965643, 0.05952633, 0.02533609, 0.10745637, 0.03034939,
       0.00347367, 0.06579813, 0.13283306, 0.08808985, 0.        ],
      dtype=float32), 'Salud': array([0.06380829, 0.03651211, 0.21461897, 0.03185595, 0.12990445,
       0.18882504, 0.00860789, 0.06257904, 0.00569963, 0.07706694,
       0.        , 0.08085693, 0.19714141, 0.48337647, 0.19217125],
      dtype=float32)}
/home/ana/programming/Document_classification/Documentos/Salud/salud18.txt	{'Deportes': array([0.2723343 , 0.        , 0.02799509, 0.        , 0.03987788,
       0.13007551, 0.05188024, 0.        , 0.25030836, 0.        ,
       0.03152766, 0.01942548, 0.        , 0.06556099, 0.06947288],
      dtype=float32), 'Politica': array([0.        , 0.        , 0.        , 0.02336753, 0.        ,
       0.        , 0.        , 0.        , 0.1582379 , 0.        ,
       0.        , 0.        , 0.10879424, 0.        , 0.        ],
      dtype=float32), 'Salud': array([0.239111  , 0.34293848, 0.42900622, 0.03690779, 0.28056657,
       0.75304514, 0.00844886, 0.0205188 , 0.01317327, 0.15459992,
       0.        , 0.05595841, 0.54621243, 0.11179365, 0.38070527],
      dtype=float32)}
/home/ana/programming/Document_classification/Documentos/Salud/salud19.txt	{'Deportes': array([0.28136933, 0.03644794, 0.0694455 , 0.05230452, 0.06429602,
       0.14909612, 0.09804445, 0.05663988, 0.4248704 , 0.        ,
       0.05338559, 0.04430249, 0.05513653, 0.11101403, 0.08377689],
      dtype=float32), 'Politica': array([0.03868668, 0.        , 0.04467153, 0.05249932, 0.        ,
       0.02368112, 0.        , 0.        , 0.02072715, 0.        ,
       0.03382407, 0.04350499, 0.13030626, 0.04280939, 0.        ],
      dtype=float32), 'Salud': array([0.21339841, 0.06828979, 0.41458791, 0.04238909, 0.27116787,
       0.42971957, 0.06910747, 0.15384158, 0.17947845, 0.16120946,
       0.08326342, 0.07438935, 0.26550543, 0.2586238 , 0.3847159 ],
      dtype=float32)}
/home/ana/programming/Document_classification/Documentos/Salud/salud20.txt	{'Deportes': array([0.3006797 , 0.10911086, 0.05744865, 0.02395735, 0.08183327,
       0.1932626 , 0.03602272, 0.0642843 , 0.15260682, 0.09780546,
       0.06469781, 0.03986297, 0.        , 0.1470053 , 0.07128254],
      dtype=float32), 'Politica': array([0.03393423, 0.        , 0.01959194, 0.04006974, 0.        ,
       0.02529308, 0.        , 0.        , 0.27134034, 0.        ,
       0.        , 0.        , 0.09327811, 0.        , 0.03793963],
      dtype=float32), 'Salud': array([0.02065645, 0.07656886, 0.29351202, 0.0854695 , 0.17976533,
       0.53153837, 0.        , 0.        , 0.        , 0.02354198,
       0.        , 0.01750167, 0.3569947 , 0.09409426, 0.27783048],
      dtype=float32)}
/home/ana/programming/Document_classification/Documentos/Salud/salud21.txt	{'Deportes': array([0.24363273, 0.03085541, 0.05208472, 0.00903318, 0.01854814,
       0.11956807, 0.        , 0.00807952, 0.28009397, 0.        ,
       0.05865703, 0.04867704, 0.02588369, 0.12197585, 0.06462695],
      dtype=float32), 'Politica': array([0.        , 0.01158066, 0.03170832, 0.08522815, 0.00752495,
       0.00915908, 0.        , 0.        , 0.10492398, 0.01866711,
       0.00425676, 0.00841315, 0.1156057 , 0.        , 0.        ],
      dtype=float32), 'Salud': array([0.28523934, 0.11373533, 0.6401008 , 0.06880078, 0.53337526,
       0.72955894, 0.03008817, 0.08092044, 0.02675711, 0.3193206 ,
       0.        , 0.0974236 , 0.44937894, 0.17459284, 0.51551723],
      dtype=float32)}
/home/ana/programming/Document_classification/Documentos/Salud/salud22.txt	{'Deportes': array([0.19636403, 0.0280841 , 0.03642446, 0.00695604, 0.        ,
       0.07514418, 0.00570992, 0.01301476, 0.28575444, 0.01550302,
       0.04102068, 0.02965795, 0.00905063, 0.08727776, 0.06402715],
      dtype=float32), 'Politica': array([0.02219379, 0.00420897, 0.01572712, 0.04816725, 0.00273493,
       0.01418041, 0.        , 0.        , 0.01632292, 0.00678453,
       0.00154711, 0.01302554, 0.12189646, 0.        , 0.00813867],
      dtype=float32), 'Salud': array([0.37490368, 0.1100959 , 0.705813  , 0.13888916, 0.56537545,
       0.6676531 , 0.0501857 , 0.27800325, 0.06593165, 0.39100903,
       0.02770399, 0.17008975, 0.5043813 , 0.22313952, 0.58995295],
      dtype=float32)}
/home/ana/programming/Document_classification/Documentos/Salud/salud23.txt	{'Deportes': array([0.3575616 , 0.        , 0.12066682, 0.        , 0.        ,
       0.08596001, 0.02773027, 0.        , 0.26885554, 0.        ,
       0.13589317, 0.08372933, 0.        , 0.2825865 , 0.08317996],
      dtype=float32), 'Politica': array([0.        , 0.        , 0.        , 0.08087385, 0.        ,
       0.01701657, 0.        , 0.        , 0.02649255, 0.        ,
       0.00810167, 0.03126144, 0.12501197, 0.        , 0.        ],
      dtype=float32), 'Salud': array([0.07833063, 0.06985126, 0.41327006, 0.03735281, 0.35315776,
       0.47005248, 0.03651214, 0.15621303, 0.02447571, 0.06091159,
       0.01140738, 0.06652126, 0.2520912 , 0.25697774, 0.40003198],
      dtype=float32)}
/home/ana/programming/Document_classification/Documentos/Salud/salud24.txt	{'Deportes': array([0.10370302, 0.01121351, 0.02030504, 0.01051764, 0.01117278,
       0.0458129 , 0.        , 0.01112018, 0.23768103, 0.        ,
       0.08422889, 0.01539697, 0.01367474, 0.05037555, 0.02988954],
      dtype=float32), 'Politica': array([0.1302697 , 0.        , 0.02918776, 0.04573644, 0.        ,
       0.        , 0.        , 0.        , 0.01229403, 0.        ,
       0.        , 0.        , 0.10144428, 0.01864738, 0.        ],
      dtype=float32), 'Salud': array([0.39992478, 0.84832287, 0.30029875, 0.18352991, 0.36160505,
       0.3308631 , 0.0997088 , 0.0961675 , 0.15538798, 0.36455256,
       0.08364363, 0.28232324, 0.25422895, 0.06625193, 0.2095506 ],
      dtype=float32)}
/home/ana/programming/Document_classification/Documentos/Salud/salud25.txt	{'Deportes': array([0.02795277, 0.03382062, 0.        , 0.00862253, 0.        ,
       0.01556919, 0.00576824, 0.0145747 , 0.26274928, 0.01566139,
       0.        , 0.0066423 , 0.01371463, 0.00199644, 0.00190239],
      dtype=float32), 'Politica': array([0.27750206, 0.        , 0.12728004, 0.05493684, 0.        ,
       0.0289426 , 0.        , 0.        , 0.01476712, 0.        ,
       0.        , 0.        , 0.01778952, 0.        , 0.0434139 ],
      dtype=float32), 'Salud': array([0.62756115, 0.03153623, 0.13886362, 0.20854995, 0.35441923,
       0.19411205, 0.2846387 , 0.43481684, 0.15459953, 0.5636001 ,
       0.12676503, 0.40565896, 0.20098642, 0.01091443, 0.01889681],
      dtype=float32)}
/home/ana/programming/Document_classification/Documentos/Salud/salud26.txt	{'Deportes': array([0.15014578, 0.00428409, 0.        , 0.0012542 , 0.        ,
       0.00511009, 0.        , 0.00112179, 0.14751561, 0.        ,
       0.        , 0.00174055, 0.00359379, 0.        , 0.00149551],
      dtype=float32), 'Politica': array([0.24073435, 0.        , 0.05506856, 0.03694111, 0.        ,
       0.        , 0.        , 0.        , 0.00992983, 0.        ,
       0.        , 0.        , 0.03588656, 0.        , 0.        ],
      dtype=float32), 'Salud': array([0.59221375, 0.00346764, 0.05924273, 0.07231975, 0.20514804,
       0.2792985 , 0.1270884 , 0.03846425, 0.08497171, 0.24291344,
       0.04945006, 0.14682351, 0.19438168, 0.00238247, 0.00958268],
      dtype=float32)}
/home/ana/programming/Document_classification/Documentos/Salud/salud27.txt	{'Deportes': array([0.06488857, 0.        , 0.        , 0.        , 0.        ,
       0.        , 0.        , 0.        , 0.19364917, 0.        ,
       0.        , 0.        , 0.        , 0.        , 0.        ],
      dtype=float32), 'Politica': array([0.2581989, 0.       , 0.       , 0.       , 0.       , 0.       ,
       0.       , 0.       , 0.       , 0.       , 0.       , 0.       ,
       0.       , 0.       , 0.       ], dtype=float32), 'Salud': array([0.6397249 , 0.35384023, 0.07187624, 0.25564387, 0.26371366,
       0.21474537, 0.22519429, 0.05500391, 0.22291647, 0.39495343,
       0.13578546, 0.39731738, 0.18243395, 0.        , 0.        ],
      dtype=float32)}
/home/ana/programming/Document_classification/Documentos/Salud/salud28.txt	{'Deportes': array([0.09805452, 0.00801327, 0.0067633 , 0.00234595, 0.        ,
       0.04135713, 0.03730235, 0.00209828, 0.42220822, 0.07308236,
       0.12937257, 0.01655576, 0.00672209, 0.02985984, 0.12587902],
      dtype=float32), 'Politica': array([0.0379036 , 0.        , 0.20831841, 0.08515694, 0.        ,
       0.00689459, 0.11581511, 0.03943229, 0.18037635, 0.        ,
       0.02626039, 0.01266618, 0.10997954, 0.        , 0.        ],
      dtype=float32), 'Salud': array([0.2820825 , 0.04117847, 0.2863977 , 0.07499296, 0.31941578,
       0.27353555, 0.07371344, 0.1039703 , 0.12976249, 0.2836962 ,
       0.04885305, 0.2472103 , 0.31023192, 0.77665645, 0.23121007],
      dtype=float32)}
/home/ana/programming/Document_classification/Documentos/Salud/salud29.txt	{'Deportes': array([0.09487576, 0.        , 0.        , 0.        , 0.        ,
       0.0111848 , 0.        , 0.        , 0.21306285, 0.        ,
       0.        , 0.        , 0.        , 0.        , 0.01082307],
      dtype=float32), 'Politica': array([0.11547005, 0.        , 0.        , 0.        , 0.        ,
       0.        , 0.        , 0.        , 0.        , 0.        ,
       0.        , 0.        , 0.10327955, 0.        , 0.        ],
      dtype=float32), 'Salud': array([0.8022311 , 0.0190429 , 0.21314164, 0.09509798, 0.38231894,
       0.38732624, 0.18040502, 0.07249266, 0.10065679, 0.51449746,
       0.04473977, 0.23062155, 0.28936976, 0.02786701, 0.11208559],
      dtype=float32)}
/home/ana/programming/Document_classification/Documentos/Salud/salud30.txt	{'Deportes': array([0.13136306, 0.        , 0.        , 0.        , 0.        ,
       0.        , 0.        , 0.        , 0.15681252, 0.        ,
       0.        , 0.        , 0.        , 0.        , 0.        ],
      dtype=float32), 'Politica': array([0.2581989, 0.       , 0.       , 0.       , 0.       , 0.       ,
       0.       , 0.       , 0.       , 0.       , 0.       , 0.       ,
       0.       , 0.       , 0.       ], dtype=float32), 'Salud': array([0.544804  , 0.13202715, 0.04022839, 0.09538749, 0.14759782,
       0.20468602, 0.13945866, 0.03078512, 0.10719791, 0.28253403,
       0.05066515, 0.31887048, 0.14511588, 0.        , 0.        ],
      dtype=float32)}
