deportes16 0 0.9952532453763742 0
deportes17 0 0.99716291383879 0
deportes18 0 0.9560227339877637 0
deportes19 0 0.9985830873037508 0
deportes20 0 1.0 0
deportes21 0 0.9380118363480142 0
deportes22 0 0.9995348954546363 0
deportes23 0 0.9952318725888774 0
deportes24 0 0.9999982373989029 0
deportes25 0 0.9155461199713743 0
deportes26 0 0.9980011939984554 0
deportes27 0 0.9981275448710368 0
deportes28 0 0.984146708425524 0
deportes29 0 0.8989285003391582 0
politica16 1 0.40131037922806295 0
politica17 1 0.4719258252349004 1
politica18 1 0.6231145388814128 1
politica19 1 0.3333333333333333 0
politica20 1 0.9904946524574537 1
politica21 1 0.9560227339877637 1
politica22 1 0.9999425124842074 1
politica23 1 0.694571188788863 1
politica24 1 0.99716291383879 1
politica25 1 0.5010266940451747 0
politica26 1 0.8189292267056727 1
politica27 1 0.8477919913795937 1
politica28 1 0.9348457022185613 1
politica29 1 0.9422938434229147 1
salud16 2 0.9999996308644057 2
salud17 2 0.8697069940926635 2
salud18 2 0.996723287421298 2
salud19 2 0.9996983445928377 2
salud20 2 0.48560060929985127 2
salud21 2 0.9743740807734691 2
salud22 2 0.9999999166512658 2
salud23 2 0.9976476373911503 2
salud24 2 0.9999999947476397 2
salud25 2 1.0 2
salud26 2 1.0 2
salud27 2 0.999999995270457 2
salud28 2 0.9999999941304907 2
salud29 2 0.9999651882134449 2
