deportes16 0 0.31788134574890137 0
deportes17 0 0.3863963186740875 0
deportes18 0 0.1659725457429886 0
deportes19 0 0.3006892204284668 0
deportes20 0 0.43899378180503845 0
deportes21 0 0.2456148862838745 0
deportes22 0 0.26365184783935547 0
deportes23 0 0.21436086297035217 0
deportes24 0 0.22465571761131287 0
deportes25 0 0.18447323143482208 0
deportes26 0 0.1655052900314331 0
deportes27 0 0.3187679648399353 0
deportes28 0 0.28921571373939514 0
deportes29 0 0.291667640209198 0
deportes30 0 0.29958903789520264 0
politica16 1 0.13575796782970428 0
politica17 1 0.13460344076156616 0
politica18 1 0.20525406301021576 1
politica19 1 0.0 2
politica20 1 0.17576071619987488 1
politica21 1 0.12796194851398468 1
politica22 1 0.5212537050247192 1
politica23 1 0.22055628895759583 2
politica24 1 0.33143287897109985 1
politica25 1 0.07788755744695663 0
politica26 1 0.11404560506343842 1
politica27 1 0.2698443830013275 1
politica28 1 0.14623260498046875 1
politica29 1 0.21429157257080078 1
politica30 1 0.29352742433547974 1
salud16 2 0.32859736680984497 2
salud17 2 0.09576040506362915 2
salud18 2 0.1649230420589447 2
salud19 2 0.2539617717266083 2
salud20 2 0.07814857363700867 1
salud21 2 0.10461163520812988 2
salud22 2 0.15298935770988464 2
salud23 2 0.14495792984962463 2
salud24 2 0.26175159215927124 2
salud25 2 0.300840824842453 2
salud26 2 0.2697754204273224 2
salud27 2 0.26812371611595154 2
salud28 2 0.23625820875167847 2
salud29 2 0.2105499505996704 2
salud30 2 0.3484410345554352 2
