deportes16 0 0.5300963521003723 0
deportes17 0 0.6494032144546509 0
deportes18 0 0.31146490573883057 0
deportes19 0 -0.11748138070106506 2
deportes20 0 0.5432568192481995 0
deportes21 0 0.4632609486579895 2
deportes22 0 0.6145730018615723 0
deportes23 0 0.5475653409957886 1
deportes24 0 0.4822109341621399 0
deportes25 0 0.6478620171546936 0
deportes26 0 0.6486212611198425 0
deportes27 0 0.4316715896129608 2
deportes28 0 0.4002772271633148 0
deportes29 0 0.3990394175052643 2
politica16 1 0.3570244312286377 1
politica17 1 0.29690098762512207 0
politica18 1 0.44912654161453247 1
politica19 1 0.0 2
politica20 1 0.38876932859420776 1
politica21 1 0.4273327887058258 1
politica22 1 0.7299697399139404 1
politica23 1 0.4802495539188385 1
politica24 1 0.6656787395477295 1
politica25 1 0.2973291277885437 1
politica26 1 0.19761992990970612 1
politica27 1 0.39262551069259644 1
politica28 1 0.12973123788833618 1
politica29 1 0.6263251900672913 1
salud16 2 0.346259206533432 2
salud17 2 0.42203274369239807 2
salud18 2 0.7607184648513794 2
salud19 2 0.8045486211776733 2
salud20 2 0.7677578926086426 2
salud21 2 0.6131576895713806 2
salud22 2 0.6407892107963562 2
salud23 2 0.8846307396888733 2
salud24 2 0.22627148032188416 2
salud25 2 0.303008109331131 0
salud26 2 -0.0066594285890460014 2
salud27 2 0.09958914667367935 0
salud28 2 0.21388664841651917 1
salud29 2 -0.05145006254315376 0
